1 1 1 -0.0980356 0.375417 -1.20425
2 1 1 -0.00139999 0.421098 0.225039
3 1 1 -0.0458795 0.0292482 -1.12109
4 -1 1 0.0834894 -0.130145 0.519968
5 -1 1 0.0659714 -0.36594 -0.146954
6 -1 1 -0.0461146 -0.468216 1.32821
7 -1 1 0.0179919 -0.439117 1.3877
8 -1 1 0.0306468 -0.349208 0.519831
9 1 1 0.0261715 -0.346597 -0.123103
10 1 1 -0.0178547 -0.0270824 -0.00342482
11 -1 2 0.0435737 0.00134754 0.995525
12 1 2 0.0423994 0.115292 -1.21855
13 -1 2 0.0437052 -0.611039 0.771144
14 -1 2 0.0597109 -0.381986 0.464797
15 1 2 -0.0707323 0.223891 -1.22388
16 1 2 0.0739278 0.272176 -0.683556
17 1 2 -0.111336 0.513664 -1.30346
18 1 2 -0.0919322 0.412521 -0.266487
19 -1 2 0.0545345 -0.244308 -0.185787
20 -1 2 0.055365 -0.461548 0.276487
21 1 3 -0.0131517 1.01383 -0.369174
22 1 3 -0.0339547 0.182218 0.0962316
23 1 3 0.0240761 0.535216 -0.412613
24 1 3 -0.174073 0.381684 -0.963575
25 -1 3 0.0146276 -0.454781 0.598842
26 1 3 -0.163416 0.425437 -1.20195
27 1 3 -0.0549359 0.0720806 0.216355
28 -1 3 0.0256192 0.0819658 1.33792
29 -1 3 0.121533 -0.415541 0.473719
30 1 3 -0.0965846 0.458224 -1.21761
31 1 4 0.0051363 0.507077 -0.0944153
32 -1 4 0.043858 -0.630012 0.0986625
33 -1 4 -0.0398195 -0.443125 -0.337127
34 1 4 -0.0597887 0.867327 -0.587057
35 -1 4 0.116515 0.208761 1.54254
36 1 4 0.0303006 0.689224 -0.792962
37 1 4 -0.0213911 -0.419898 -0.645608
38 1 4 0.0200317 0.300178 -1.6852
39 1 4 -0.0278015 0.390982 -0.770388
40 1 4 -0.082356 0.4726 -0.226894
41 1 5 -0.0303994 -0.231906 -0.137517
42 -1 5 0.0905574 -0.404527 1.46676
43 1 5 0.0239217 -0.212739 0.223919
44 -1 5 0.0065648 -0.357819 0.40487
45 1 5 -0.104143 0.741803 -0.142083
46 1 5 -0.103124 0.706003 -0.181342
47 -1 5 0.0211418 -0.325845 0.358878
48 1 5 -0.0361209 -0.0887615 -1.34713
49 -1 5 0.0989383 -0.448483 0.890111
50 1 5 0.00166227 0.721653 -0.623723
51 1 6 0.00104047 0.299698 -0.483792
52 1 6 -0.0839122 1.0605 -0.0783182
53 -1 6 0.00368865 -0.181799 -0.0823288
54 -1 6 0.047375 0.244015 0.710605
55 -1 6 0.106886 -0.267948 1.38126
56 -1 6 0.0128441 0.145831 0.81219
57 -1 6 0.0144167 -0.122655 1.75898
58 -1 6 0.0892915 0.23156 1.70916
59 -1 6 0.0295079 -0.0387194 0.531009
60 1 6 0.0183059 -0.170192 -0.699488
61 -1 7 0.0473503 0.155574 1.28733
62 -1 7 0.0280398 -0.227174 0.790847
63 1 7 -0.125915 0.570328 -0.866899
64 -1 7 0.134214 -0.23698 -0.173469
65 1 7 -0.0402439 -0.0027626 -0.329491
66 1 7 -0.10347 0.0461633 -0.573108
67 1 7 0.0660945 0.353225 0.0840951
68 -1 7 0.0492429 -0.336276 0.563752
69 -1 7 0.0693791 -0.404394 0.899612
70 1 7 -0.0724134 1.00055 0.306917
71 -1 8 0.0311967 0.212349 -0.984224
72 1 8 -0.106112 0.302892 -0.989739
73 1 8 -0.100015 0.274163 -0.698043
74 1 8 -0.0537262 0.946207 -0.667778
75 1 8 0.0220907 0.234093 -0.604698
76 -1 8 0.0443366 -0.639789 1.0158
77 1 8 -0.0740788 -0.0631592 0.108841
78 -1 8 -0.00971982 -0.0669582 0.586666
79 1 8 -0.117165 -0.484341 -1.29337
80 1 8 -0.0877505 0.17538 0.0613
81 1 9 -0.0845175 0.22768 -0.767889
82 -1 9 0.0275586 -0.308228 0.896398
83 1 9 -0.0130304 0.22719 -0.853774
84 1 9 -0.0221997 0.459387 0.129875
85 1 9 -0.0531256 0.440421 -0.704858
86 1 9 0.0127892 0.911137 0.0137348
87 1 9 -0.0985186 0.24463 -1.57771
88 -1 9 0.0409111 0.291864 0.536992
89 1 9 -0.0748786 0.569362 -0.144533
90 -1 9 0.0461977 -0.710692 0.807005
91 -1 10 0.0563838 -0.063324 0.554687
92 1 10 -0.114903 -0.160707 -0.443838
93 1 10 -0.0428098 0.197506 -0.956257
94 -1 10 0.0438478 0.132391 0.349651
95 -1 10 0.0718902 0.292639 0.122052
96 -1 10 0.0792421 -0.831836 0.917265
97 -1 10 0.0891707 -0.783336 0.619015
98 1 10 -0.00787018 0.347349 0.128436
99 -1 10 0.00346205 -0.356526 0.415757
100 -1 10 -0.0216627 -1.1465 0.592431
101 1 11 -0.128684 -0.479041 -0.613499
102 1 11 0.00556995 0.442704 -1.40381
103 1 11 -0.107298 0.665883 -0.3532
104 -1 11 0.123642 -0.106522 1.70595
105 1 11 -0.0457639 0.292664 -0.0773575
106 -1 11 0.131632 -0.22649 0.235773
107 1 11 -0.0879409 0.0274338 -1.04765
108 1 11 0.0226161 -0.159901 -0.78312
109 -1 11 0.0315784 -0.4596 1.03089
110 -1 11 0.00183106 0.321232 0.181205
111 1 12 -0.0850658 0.166581 0.0135672
112 1 12 0.00694187 -0.0421382 -0.296792
113 1 12 0.0245505 0.231219 -0.387211
114 1 12 -0.039831 0.254315 -0.819996
115 1 12 -0.061119 0.808792 -0.210298
116 -1 12 -0.0550093 -0.411667 0.591042
117 -1 12 0.095103 -0.708634 1.10682
118 1 12 0.00644532 0.414315 -0.477784
119 -1 12 0.0213641 -0.256914 0.718556
120 -1 12 0.0471358 -0.0528669 0.18328
121 -1 13 0.053024 -0.578449 0.927421
122 1 13 -0.0646568 -0.113333 -0.384265
123 -1 13 -0.0136348 0.122228 1.32025
124 -1 13 0.0540668 0.0982269 0.281365
125 1 13 -0.0557352 0.0095093 -0.218056
126 -1 13 -0.0256884 -0.446192 1.21485
127 1 13 -0.117112 -0.306452 -0.138233
128 -1 13 -0.0119748 -0.468674 1.36668
129 -1 13 0.134066 -0.460208 0.707588
130 -1 13 0.0332104 -0.819388 1.04974
131 -1 14 0.017442 -0.648036 0.827593
132 1 14 -0.0541483 -0.00276142 -0.688387
133 -1 14 0.00693578 -0.12191 0.0633852
134 -1 14 0.0764865 -0.506102 1.58637
135 1 14 -0.0381935 0.532279 -1.33721
136 1 14 0.00466698 0.894196 -0.222304
137 1 14 0.0316106 0.138601 0.0328025
138 -1 14 0.0342647 -0.582106 0.405242
139 1 14 -0.0481502 0.536757 -0.424744
140 1 14 -0.0590647 -0.0902397 0.801087
141 -1 15 -0.00474852 -0.506356 0.170677
142 1 15 -0.0734575 0.702882 -0.034285
143 -1 15 0.0269649 -0.459833 -0.190092
144 1 15 -0.0243235 -0.141431 0.384674
145 -1 15 -0.00327987 -0.667941 1.05825
146 -1 15 0.0760191 0.0952569 0.714765
147 -1 15 0.0996179 -0.176693 1.33553
148 1 15 -0.0157171 -0.211553 -0.512772
149 1 15 0.0214001 0.183225 0.152443
150 -1 15 0.0484224 -0.35381 -0.0691157
151 -1 16 0.0147905 -0.207244 0.608755
152 -1 16 0.109871 -0.781622 0.106611
153 1 16 -0.115337 0.755234 -1.05951
154 1 16 0.0357695 -0.00942309 -0.347574
155 -1 16 0.0708627 0.214511 -0.628866
156 1 16 -0.0449153 0.630885 -1.05352
157 1 16 0.018707 -0.231637 -0.318065
158 -1 16 0.0537817 -0.188509 -0.202848
159 1 16 -0.0418629 0.704927 -0.922714
160 -1 16 0.123501 -0.400934 0.302621
161 1 17 -0.0208344 0.585567 -0.688754
162 -1 17 0.110112 -0.64102 0.466515
163 1 17 -0.0607863 0.391554 -0.0185874
164 -1 17 0.0483143 -0.564572 0.574699
165 -1 17 0.0925012 0.305314 0.297131
166 -1 17 0.0661733 -0.0627816 1.21186
167 -1 17 0.0487815 0.233193 0.926599
168 -1 17 -0.0157448 -0.554208 -0.315037
169 -1 17 0.102761 -0.315677 0.962862
170 -1 17 0.0106371 -0.306795 1.10895
171 -1 18 -0.0136387 -0.516859 1.03394
172 -1 18 0.133089 0.119762 0.103701
173 1 18 -0.0205736 -0.28284 -0.567073
174 -1 18 0.00901538 -0.304791 -0.134138
175 -1 18 0.0591388 -0.349866 -0.252994
176 -1 18 -0.0548449 -0.313324 0.210246
177 -1 18 0.056636 -0.271647 0.584707
178 1 18 0.00363441 1.31212 -0.299627
179 1 18 -0.0131948 0.22871 -0.516791
180 1 18 -0.0905942 -0.489491 -0.782093
181 1 19 -0.0441818 0.388164 -1.1745
182 1 19 -0.0671085 0.12214 0.359435
183 -1 19 0.0349408 -0.362791 0.891136
184 1 19 -0.0918069 0.14768 -1.12916
185 1 19 -0.0737884 0.476632 -0.254345
186 1 19 -0.0691226 -0.133114 -0.750483
187 -1 19 -0.0587711 0.0663049 0.669741
188 1 19 -0.0413025 0.511248 -1.15253
189 1 19 -0.0234482 0.806503 -1.30039
190 -1 19 0.0804099 -0.293504 -0.497296
191 -1 20 0.0118609 0.185052 -0.066081
192 -1 20 -0.0097943 -0.690787 -0.782944
193 1 20 0.0254936 0.14275 -1.51187
194 1 20 -0.00753841 0.635005 -0.507342
195 1 20 -0.0441499 0.0623162 -0.155905
196 -1 20 0.0811422 -0.15779 0.301138
197 -1 20 0.036263 -0.200247 0.52994
198 1 20 -0.0975454 0.467498 -1.05784
199 1 20 -0.00876744 0.391497 -0.979251
200 -1 20 0.01276 -0.616857 0.514283
201 -1 21 0.0352641 -0.468857 0.888375
202 1 21 -0.0931894 0.384205 -0.165983
203 -1 21 0.0367906 -0.111232 0.995283
204 -1 21 0.0193411 -0.000102259 -0.166261
205 -1 21 -0.00638707 -0.519454 -0.0752181
206 1 21 -0.128381 -0.019859 -1.17256
207 1 21 -0.11016 0.791269 -0.696622
208 1 21 -0.109643 1.07488 -0.461448
209 1 21 -0.0807358 0.351668 -0.73989
210 1 21 -0.010325 0.188097 -0.813419
211 1 22 0.0312303 0.621659 -1.34524
212 1 22 -0.0137711 0.38499 -0.172051
213 1 22 -0.0835298 -0.232392 -0.629672
214 -1 22 0.0177818 -0.634726 1.45404
215 -1 22 0.0975136 -0.260753 -0.434746
216 1 22 -0.100818 -0.0973564 -0.643868
217 -1 22 0.0541466 -0.117118 1.29518
218 1 22 -0.0122542 0.0457298 -0.310216
219 1 22 -0.0148794 0.911724 -1.10646
220 1 22 -0.0203473 0.738966 0.399874
221 1 23 -0.0358443 0.0515303 -0.602459
222 -1 23 0.0280755 0.0328863 0.193174
223 1 23 0.0366323 0.0553992 -0.586542
224 -1 23 0.0772251 -0.303304 -0.186315
225 1 23 -0.0493609 0.315637 -0.0911824
226 1 23 -0.0927372 0.139281 -1.06506
227 -1 23 0.0634158 -0.876128 0.247352
228 1 23 -0.0709434 0.241407 -1.75528
229 -1 23 0.0832637 -0.0846936 0.363528
230 1 23 -0.0595251 0.425484 -0.933039
231 -1 24 0.046067 -0.465064 1.27068
232 -1 24 0.0381887 -0.640138 1.096
233 -1 24 0.0185927 -0.198329 0.0988665
234 -1 24 0.0299159 -0.302178 1.13148
235 1 24 -0.0229861 0.209986 0.234521
236 1 24 -0.0100188 0.517113 -0.0667844
237 1 24 0.029743 0.493464 -0.666795
238 1 24 -0.112438 0.12322 0.387683
239 1 24 -0.113984 0.710495 -0.63695
240 1 24 0.0124679 0.606568 -0.612719
241 -1 25 0.0442509 0.0977338 -0.073989
242 1 25 -0.0465293 0.440151 -0.880237
243 1 25 0.000373607 0.0783228 -0.320758
244 -1 25 0.0394493 -0.144048 0.461784
245 1 25 -0.114643 -0.0250444 -0.436546
246 -1 25 0.0945171 -0.990843 -0.061115
247 -1 25 -0.0246658 -0.561425 1.0561
248 -1 25 0.0293956 -0.489447 -0.514785
249 1 25 -0.06046 0.697097 -0.939646
250 1 25 -0.0998745 -0.0379283 0.360761
251 -1 26 0.0319505 0.148186 0.416815
252 -1 26 0.0662772 0.0541965 0.686042
253 -1 26 0.0816808 -0.526188 1.1795
254 1 26 -0.132889 0.697197 -0.296833
255 1 26 -0.0271255 0.481029 -0.75362
256 1 26 -0.0517948 0.375859 -0.523657
257 1 26 -0.0412766 0.212468 -0.894022
258 1 26 -0.0678662 0.187468 -1.27186
259 1 26 0.0632579 -0.107141 0.18731
260 -1 26 0.0620741 -0.120092 0.417652
261 1 27 -0.00819198 0.39217 0.176717
262 1 27 -0.0663928 0.606647 -0.606607
263 1 27 -0.00653574 0.319926 0.705299
264 -1 27 0.014572 -0.692795 -0.281335
265 1 27 -0.0148796 0.296528 -0.369268
266 1 27 -0.0800934 0.130428 -1.38741
267 -1 27 0.0664956 -0.000742273 -0.409082
268 -1 27 0.00856057 0.323442 0.49414
269 1 27 -0.0532425 0.270025 -0.105835
270 1 27 0.0802974 0.302316 -0.617467
271 1 28 -0.0627734 0.391783 -0.67071
272 1 28 -0.0204532 0.277068 -1.57635
273 -1 28 0.0688717 -0.496862 1.44142
274 -1 28 -0.0240797 0.165126 0.322312
275 -1 28 0.146973 -0.436788 0.63207
276 1 28 0.067287 0.383238 -1.27307
277 -1 28 0.0366017 0.0471454 0.206389
278 -1 28 0.0500553 -0.800172 0.664994
279 -1 28 0.0325976 -0.109936 -0.128157
280 -1 28 0.0446529 -0.0675585 0.983487
281 -1 29 0.0388839 -0.279232 -0.763752
282 -1 29 -0.0389008 -0.277266 -1.04956
283 -1 29 0.0209655 -0.324517 0.801998
284 1 29 -0.132733 0.825374 -0.488893
285 -1 29 0.0414539 -0.916212 0.234414
286 1 29 0.0204925 0.784978 -0.887799
287 -1 29 -0.0178576 -0.330023 1.87812
288 1 29 -0.00725603 0.831709 -0.948848
289 -1 29 0.0508605 -0.39912 0.411868
290 1 29 -0.0475091 0.702134 -1.81303
291 1 30 -0.047831 1.25011 -0.956968
292 1 30 -0.0161566 0.702128 -0.415996
293 1 30 -0.00376843 0.189235 -0.0669438
294 1 30 0.000476013 0.474972 -1.34995
295 1 30 -0.0521464 0.820683 -0.561865
296 1 30 -0.0584386 0.707962 0.85897
297 1 30 -0.0967137 -0.0572006 0.604319
298 -1 30 0.0632122 -0.537893 0.713324
299 1 30 -0.0169839 0.914207 -0.430334
300 -1 30 0.138281 -0.253648 -0.168553
301 1 31 -0.0593972 0.0361763 -1.15308
302 -1 31 0.0960645 0.210485 0.360426
303 -1 31 0.102781 -0.366526 0.132363
304 -1 31 0.0299729 -0.293486 0.576066
305 -1 31 0.061985 -0.119108 1.11168
306 -1 31 0.0666032 0.114974 0.0874405
307 -1 31 0.039325 -0.0499684 0.176467
308 1 31 -0.113035 0.763172 -0.465441
309 -1 31 0.0555925 -0.208717 0.633142
310 -1 31 0.00592513 -0.559436 1.27398
311 1 32 -0.0441128 -0.66502 -0.214321
312 1 32 -0.0394632 0.473766 -1.79055
313 1 32 0.0202039 0.883336 0.387995
314 -1 32 0.118273 -0.451588 0.177286
315 -1 32 0.0290652 -0.178603 0.645581
316 -1 32 0.0603425 -0.617242 0.359317
317 1 32 -0.0470331 0.176811 -0.638926
318 1 32 -0.0465627 0.204934 0.133036
319 -1 32 0.0722169 -0.21312 0.999014
320 -1 32 0.0668087 -0.172504 0.481703
321 1 33 -0.0501535 0.732208 0.197026
322 1 33 -0.0457773 0.405308 0.106141
323 1 33 -0.0785875 0.317768 -0.131715
324 1 33 -0.157791 0.782538 -1.06246
325 -1 33 0.0339643 -0.596524 -0.310795
326 -1 33 0.0413226 0.283741 0.373556
327 1 33 -0.000684755 0.445798 0.154178
328 1 33 -0.0195475 0.703512 -1.35824
329 1 33 -0.0280674 0.0554859 -0.728044
330 -1 33 0.103539 -0.768302 0.760757
331 1 34 -0.0561716 0.0987867 -1.82698
332 1 34 -0.104668 0.357037 -0.823627
333 1 34 -0.0296627 0.510379 -0.143942
334 -1 34 0.0203411 -0.186339 -0.355719
335 -1 34 0.0670555 -0.70042 1.25233
336 -1 34 0.0453524 -0.292634 -0.64857
337 -1 34 0.0806853 -0.0411792 -0.331645
338 -1 34 0.141702 -0.764277 0.741133
339 1 34 0.095551 -0.0943354 0.00233495
340 1 34 -0.0772446 0.128304 -0.0755521
341 -1 35 -0.0966747 -0.720123 0.338526
342 -1 35 0.0677768 -0.293066 0.0355855
343 1 35 -0.120288 0.59694 -1.00275
344 -1 35 -0.0203182 0.38039 0.347367
345 1 35 -0.0179178 -0.27772 -0.681447
346 -1 35 0.0857634 -0.30179 0.636855
347 -1 35 0.0447678 -0.184419 1.45064
348 -1 35 0.04801 -0.323297 0.670302
349 1 35 -0.0266799 0.212074 0.221949
350 1 35 -0.0353234 0.338201 0.362886
351 1 36 -0.0374342 0.275513 -0.446753
352 -1 36 0.0754856 -0.332551 -0.241273
353 1 36 -0.00339409 0.666697 -0.685396
354 -1 36 0.0502599 -0.0404794 0.750095
355 -1 36 -0.0473781 0.214692 0.707748
356 -1 36 0.0797305 -0.700728 0.497747
357 1 36 -0.0277762 0.539729 -1.65343
358 1 36 -0.00670893 0.165892 -1.03927
359 1 36 -0.0310725 0.389038 -0.275905
360 1 36 -0.0781915 0.757525 -0.551467
361 1 37 -0.0292178 0.426276 -0.377481
362 -1 37 -0.000702073 -0.0720589 -0.0793715
363 1 37 -0.143375 0.330586 -0.301607
364 1 37 -0.0917798 0.391212 -1.16344
365 1 37 0.00675725 0.876095 -1.01766
366 1 37 -0.0557654 0.143268 -0.0153072
367 1 37 0.0136915 0.877169 -1.03083
368 1 37 -0.104011 0.479958 -0.388351
369 1 37 -0.163248 0.923884 0.725974
370 1 37 -0.0269985 0.33356 0.564094
371 1 38 -0.0228703 0.759839 -1.03696
372 1 38 -0.0723393 0.48601 -0.160656
373 -1 38 0.0773388 -0.779081 0.172809
374 1 38 -0.0606603 -0.222274 -0.706434
375 -1 38 0.0742175 -0.635614 0.703726
376 1 38 -0.164517 -0.0123352 1.03874
377 -1 38 -0.00139557 -0.344495 0.117068
378 -1 38 -0.0199539 -0.336946 1.1484
379 -1 38 0.0962622 -0.43614 0.277206
380 -1 38 0.0647758 -0.290654 1.59187
381 1 39 -0.0272152 0.412469 0.122407
382 1 39 -0.076682 0.532476 0.365887
383 1 39 -0.0554834 -0.29434 -0.0400957
384 -1 39 0.066275 -0.0761565 -0.0479469
385 -1 39 -0.0102983 -0.470457 0.38911
386 1 39 0.0330422 0.346456 -0.126079
387 -1 39 -0.00511472 -0.214139 0.748405
388 1 39 -0.020033 1.01909 -0.349288
389 -1 39 0.05251 -0.608678 0.834379
390 -1 39 0.0201299 0.064904 -0.0460738
391 1 40 -0.0179031 0.0882084 -0.75859
392 -1 40 -0.00261406 -0.724252 0.178869
393 1 40 -0.0122641 -0.218289 -0.345202
394 -1 40 0.110039 -0.0529877 0.0722261
395 -1 40 0.089886 -0.31806 0.159171
396 -1 40 0.0397181 -0.762996 -0.00512136
397 -1 40 0.0977042 -0.232997 0.0708813
398 1 40 -0.0143368 0.278202 -0.453163
399 -1 40 -0.00113818 -1.26075 0.988555
400 -1 40 -0.0637869 -0.10149 0.185322
401 1 41 -0.0787405 0.79756 -1.0645
402 -1 41 0.0507312 0.436648 0.731629
403 1 41 0.013009 0.120232 0.721409
404 1 41 -0.0327423 0.189784 0.0677133
405 -1 41 0.0303647 -0.135085 1.11455
406 1 41 -0.0123034 0.788657 -0.267718
407 1 41 0.0435003 -0.212816 -0.78639
408 -1 41 0.114147 -0.577188 0.871114
409 -1 41 0.0882121 -0.247088 0.767499
410 1 41 -0.0260732 0.638499 -1.32277
411 -1 42 0.084078 -0.697401 0.477031
412 1 42 -0.034491 0.0275527 0.614621
413 1 42 -0.0033309 0.413123 -0.79216
414 -1 42 0.0217064 -0.24622 -0.230134
415 -1 42 0.0561496 0.601084 -0.535699
416 1 42 -0.0190059 0.258822 -1.32512
417 -1 42 0.138711 0.238025 1.29994
418 1 42 -0.0862295 0.189794 -1.36223
419 -1 42 0.00393474 -0.472363 0.661805
420 -1 42 0.0314886 -0.00716094 0.00317721
421 -1 43 0.123689 -1.16587 0.343913
422 -1 43 0.01055 -0.0263386 0.624679
423 -1 43 0.139773 -1.06741 -0.285249
424 1 43 -0.0630694 -0.152806 -0.362088
425 -1 43 -0.00638244 0.0518604 -0.417746
426 -1 43 0.0576779 -0.932673 -0.0558184
427 -1 43 0.0704272 -0.420955 0.706473
428 1 43 -0.0471174 0.575955 -0.124753
429 -1 43 0.00853042 -0.887895 0.941875
430 1 43 -0.0785823 0.342844 -0.162509
431 1 44 -0.149697 0.461668 -0.896908
432 1 44 -0.0977668 0.120616 -0.713127
433 1 44 -0.0393539 0.19966 -1.09869
434 -1 44 -0.0140602 -0.482824 -0.345287
435 -1 44 -0.0101757 -0.469494 0.300473
436 -1 44 0.0660472 -0.647324 1.67136
437 1 44 0.0245331 -0.158269 -0.933077
438 1 44 0.0086901 -0.0722461 0.243218
439 -1 44 -0.0110172 -0.35287 1.92015
440 1 44 -0.0428944 0.521122 -1.38323
441 -1 45 -0.0486178 -0.120806 1.547
442 1 45 -0.0816099 0.214509 -0.135736
443 -1 45 0.0352812 -0.153023 1.48377
444 1 45 -0.0631176 0.261143 0.414204
445 -1 45 -0.0174878 -0.66448 0.852764
446 -1 45 0.04014 -0.54479 1.06571
447 -1 45 0.0585894 -0.658986 1.2334
448 1 45 -0.0495647 0.0115243 -0.0941054
449 1 45 0.0292031 -0.00276648 -0.987294
450 1 45 -0.0525104 0.408556 0.495734
451 -1 46 -0.0322439 0.0161228 0.685344
452 -1 46 -0.0206453 -0.792303 0.733795
453 -1 46 0.0730978 -0.804742 0.843591
454 1 46 -0.139461 0.504906 -0.634046
455 1 46 -0.0592231 0.23552 -1.28308
456 1 46 -0.00315211 0.13407 -0.942101
457 -1 46 0.119986 -0.740408 1.43493
458 -1 46 0.111202 0.085374 0.721415
459 1 46 0.0301458 0.036541 0.346604
460 -1 46 0.0611942 -0.527688 1.05193
461 1 47 -0.0230164 0.701321 0.373202
462 1 47 -0.0679404 -0.442562 -0.66333
463 -1 47 -0.0213661 0.265725 0.297902
464 -1 47 0.046259 -0.246356 1.15324
465 1 47 -0.0100751 0.328918 -0.810928
466 1 47 -0.0807644 0.33106 -0.160921
467 1 47 -0.0444342 -0.11851 -0.551185
468 1 47 -0.0475753 0.650723 -1.43808
469 -1 47 0.0226621 0.032455 0.254099
470 1 47 -0.0807618 0.817571 -1.18601
471 1 48 -0.0609134 0.523594 -0.623898
472 1 48 -0.0690612 -0.139618 -1.37939
473 -1 48 0.0658343 -0.39752 0.514499
474 -1 48 0.069066 -0.327249 1.07492
475 1 48 -0.00451814 -0.128815 -0.267267
476 -1 48 0.0578053 -0.307752 0.432867
477 1 48 -0.0593618 0.420692 -0.653352
478 1 48 -0.0356672 0.395496 0.452165
479 -1 48 0.0529223 -0.853876 0.152157
480 1 48 -0.0977537 0.797159 -0.440203
481 1 49 -0.0915395 0.147081 -1.74315
482 -1 49 9.68814e-05 -0.670913 0.50493
483 1 49 -0.111817 0.411462 -0.946471
484 1 49 -0.120155 0.292898 -0.128039
485 1 49 -0.00232267 0.305172 -0.67689
486 1 49 -0.0961924 -0.0980459 -0.418387
487 -1 49 0.0249161 -0.327901 1.24019
488 -1 49 0.0292283 0.120944 1.07951
489 -1 49 0.06539 -0.611114 0.603967
490 -1 49 0.0742273 -0.486725 0.929732
491 -1 50 0.133512 -0.874792 0.982376
492 -1 50 0.143068 0.184842 0.0599501
493 -1 50 0.0921019 -0.556219 0.834179
494 -1 50 0.00972852 -0.181193 0.793994
495 -1 50 0.0747168 -0.1143 -0.0232437
496 1 50 -0.0894666 -0.170628 0.458757
497 -1 50 0.0462661 0.0623608 0.686677
498 1 50 -0.0716644 0.531073 -1.03171
499 -1 50 0.0163455 -0.899692 0.984632
500 1 50 -0.0610031 0.267142 -0.292078
